Numero de soluciones: 171

Los valores de cada columna corresponden a R1, R2, R3, C4, C5, G, err(G), wp, err(wp), Qp, Err(Qp),SR1, SR2, SR3 y ST

   R1     R2    R3     C4     C5     G   err(G)    wp   err(wp)  Qp   Err(Qp)      SR1     SR2    SR3    ST
11000  33000  8200 2.7e-08 3.3e-09 3.000 0.0000 6440.17 2.4985 0.7151 1.1448 0.3739 0.3754 0.0015 0.7508 X
 3600  11000  2700 8.2e-08 1.0e-08 3.056 1.8519 6407.89 1.9847 0.7110 0.5614 0.3759 0.3770 0.0011 0.7540 X
36000 110000 27000 8.2e-09 1.0e-09 3.056 1.8519 6407.89 1.9847 0.7110 0.5614 0.3759 0.3770 0.0011 0.7540 X
12000  36000  8200 2.7e-08 3.3e-09 3.000 0.0000 6165.99 1.8652 0.7143 1.0358 0.3576 0.3808 0.0233 0.7616 X
 3300  10000  2200 1.0e-07 1.2e-08 3.030 1.0101 6154.57 2.0469 0.7177 1.5094 0.3534 0.3834 0.0300 0.7668 X
33000 100000 22000 1.0e-08 1.2e-09 3.030 1.0101 6154.57 2.0469 0.7177 1.5094 0.3534 0.3834 0.0300 0.7668 X
 2700   8200  1800 1.2e-07 1.5e-08 3.037 1.2346 6135.08 2.3571 0.7026 0.6262 0.3534 0.3836 0.0302 0.7672
27000  82000 18000 1.2e-08 1.5e-09 3.037 1.2346 6135.08 2.3571 0.7026 0.6262 0.3534 0.3836 0.0302 0.7672
 3000   9100  2400 1.0e-07 1.2e-08 3.033 1.1111 6177.08 1.6888 0.7184 1.6063 0.3876 0.3722 0.0154 0.7753 X
30000  91000 24000 1.0e-08 1.2e-09 3.033 1.1111 6177.08 1.6888 0.7184 1.6063 0.3876 0.3722 0.0154 0.7753 X
 5100  15000  3000 6.8e-08 8.2e-09 2.941 1.9608 6312.95 0.4737 0.7202 1.8635 0.3289 0.3882 0.0592 0.7763 X
 1600   4700  1300 1.8e-07 2.2e-08 2.938 2.0833 6428.83 2.3180 0.7201 1.8521 0.3889 0.3676 0.0213 0.7778 X
16000  47000 13000 1.8e-08 2.2e-09 2.938 2.0833 6428.83 2.3180 0.7201 1.8521 0.3889 0.3676 0.0213 0.7778 X
 7500  22000  4300 4.7e-08 5.6e-09 2.933 2.2222 6337.41 0.8629 0.7241 2.4195 0.3241 0.3895 0.0654 0.7790 X
16000  47000  9100 2.2e-08 2.7e-09 2.938 2.0833 6273.89 0.1479 0.7127 0.8058 0.3227 0.3901 0.0674 0.7803 X
13000  39000  7500 2.7e-08 3.3e-09 3.000 0.0000 6194.39 1.4133 0.7090 0.2812 0.3261 0.3913 0.0652 0.7826 X
 9100  27000  5100 3.9e-08 4.7e-09 2.967 1.0989 6294.36 0.1779 0.7157 1.2269 0.3204 0.3920 0.0716 0.7840 X
11000  33000  6200 3.3e-08 3.9e-09 3.000 0.0000 6162.51 1.9205 0.7199 1.8193 0.3218 0.3927 0.0709 0.7855 X
 4300  13000  2400 8.2e-08 1.0e-08 3.023 0.7752 6251.95 0.4971 0.7060 0.1415 0.3203 0.3941 0.0738 0.7881 X
43000 130000 24000 8.2e-09 1.0e-09 3.023 0.7752 6251.95 0.4971 0.7060 0.1415 0.3203 0.3941 0.0738 0.7881 X
 3600  11000  2000 1.0e-07 1.2e-08 3.056 1.8519 6154.57 2.0469 0.7085 0.2110 0.3198 0.3953 0.0756 0.7907 X
36000 110000 20000 1.0e-08 1.2e-09 3.056 1.8519 6154.57 2.0469 0.7085 0.2110 0.3198 0.3953 0.0756 0.7907 X
 5100  15000  4300 5.6e-08 6.8e-09 2.941 1.9608 6380.75 1.5528 0.7214 2.0397 0.3959 0.3654 0.0305 0.7918 X
 4300  13000  3600 6.8e-08 8.2e-09 3.023 0.7752 6190.36 1.4774 0.7168 1.3854 0.3960 0.3690 0.0270 0.7920
 3000   9100  1600 1.2e-07 1.5e-08 3.033 1.1111 6177.08 1.6888 0.6939 1.8517 0.3120 0.3971 0.0851 0.7943 X
30000  91000 16000 1.2e-08 1.5e-09 3.033 1.1111 6177.08 1.6888 0.6939 1.8517 0.3120 0.3971 0.0851 0.7943 X
 1300   3900  1100 2.2e-07 2.7e-08 3.000 0.0000 6264.38 0.2993 0.7123 0.7536 0.3976 0.3675 0.0301 0.7952 X
13000  39000 11000 2.2e-08 2.7e-09 3.000 0.0000 6264.38 0.2993 0.7123 0.7536 0.3976 0.3675 0.0301 0.7952 X
 6800  20000  3300 5.6e-08 6.8e-09 2.941 1.9608 6307.82 0.3921 0.7064 0.0919 0.2941 0.4000 0.1060 0.8000 X
 8200  24000  3900 4.7e-08 5.6e-09 2.927 2.4390 6371.17 1.4003 0.7129 0.8368 0.2903 0.4008 0.1105 0.8016 X
 3000   9100  1500 1.2e-07 1.5e-08 3.033 1.1111 6379.66 1.5354 0.6898 2.4383 0.3003 0.4010 0.1007 0.8020 X
30000  91000 15000 1.2e-08 1.5e-09 3.033 1.1111 6379.66 1.5354 0.6898 2.4383 0.3003 0.4010 0.1007 0.8020 X
10000  30000  4700 3.9e-08 4.7e-09 3.000 0.0000 6220.27 1.0013 0.7009 0.8589 0.2889 0.4037 0.1148 0.8074 X
12000  36000  5600 3.3e-08 3.9e-09 3.000 0.0000 6208.20 1.1935 0.7072 0.0317 0.2877 0.4041 0.1164 0.8082 X
 2700   8200  1200 1.5e-07 1.8e-08 3.037 1.2346 6135.08 2.3571 0.6942 1.8112 0.2794 0.4080 0.1286 0.8160 X
27000  82000 12000 1.5e-08 1.8e-09 3.037 1.2346 6135.08 2.3571 0.6942 1.8112 0.2794 0.4080 0.1286 0.8160 X
10000  30000  9100 2.7e-08 3.3e-09 3.000 0.0000 6411.80 2.0469 0.7118 0.6743 0.4111 0.3630 0.0482 0.8223 X
 7500  22000  3000 5.6e-08 6.8e-09 2.933 2.2222 6307.82 0.3921 0.6898 2.4392 0.2604 0.4112 0.1509 0.8225 X
 3300  10000  3000 8.2e-08 1.0e-08 3.030 1.0101 6375.77 1.4735 0.7100 0.4233 0.4115 0.3642 0.0473 0.8230 X
33000 100000 30000 8.2e-09 1.0e-09 3.030 1.0101 6375.77 1.4735 0.7100 0.4233 0.4115 0.3642 0.0473 0.8230 X
 9100  27000  3600 4.7e-08 5.6e-09 2.967 1.0989 6252.07 0.4952 0.6919 2.1378 0.2587 0.4128 0.1540 0.8256 X
13000  39000  5100 3.3e-08 3.9e-09 3.000 0.0000 6250.19 0.5251 0.6906 2.3131 0.2576 0.4141 0.1566 0.8283 X
 6800  20000  6800 3.9e-08 4.7e-09 2.941 1.9608 6333.58 0.8021 0.7178 1.5284 0.4274 0.3547 0.0726 0.8547 X
 8200  24000  2400 6.8e-08 6.8e-09 2.927 2.4390 6127.45 2.4786 0.7180 1.5613 0.2102 0.4282 0.2180 0.8564 X
 1200   3600  1200 2.2e-07 2.7e-08 3.000 0.0000 6242.59 0.6461 0.7063 0.0984 0.4286 0.3571 0.0714 0.8571 X
12000  36000 12000 2.2e-08 2.7e-09 3.000 0.0000 6242.59 0.6461 0.7063 0.0984 0.4286 0.3571 0.0714 0.8571 X
 4300  13000  1300 1.2e-07 1.2e-08 3.023 0.7752 6410.26 2.0224 0.7131 0.8630 0.2156 0.4287 0.2131 0.8574 X
43000 130000 13000 1.2e-08 1.2e-09 3.023 0.7752 6410.26 2.0224 0.7131 0.8630 0.2156 0.4287 0.2131 0.8574 X
 2700   8200  2700 1.0e-07 1.2e-08 3.037 1.2346 6135.08 2.3571 0.7112 0.5878 0.4293 0.3586 0.0707 0.8586 X
27000  82000 27000 1.0e-08 1.2e-09 3.037 1.2346 6135.08 2.3571 0.7112 0.5878 0.4293 0.3586 0.0707 0.8586 X
 8200  24000  2200 6.8e-08 6.8e-09 2.927 2.4390 6399.91 1.8578 0.7040 0.4227 0.1973 0.4326 0.2353 0.8652 X
12000  36000  3300 4.7e-08 4.7e-09 3.000 0.0000 6172.97 1.7542 0.7006 0.9114 0.2012 0.4329 0.2317 0.8659 X
 6800  20000  1800 8.2e-08 8.2e-09 2.941 1.9608 6427.39 2.2951 0.7003 0.9495 0.1954 0.4336 0.2382 0.8671 X
36000 110000 10000 1.5e-08 1.5e-09 3.056 1.8519 6356.42 1.1655 0.6966 1.4674 0.2030 0.4336 0.2306 0.8672 X
 3600  11000  1000 1.5e-07 1.5e-08 3.056 1.8519 6356.42 1.1655 0.6966 1.4674 0.2030 0.4336 0.2306 0.8672 X
10000  30000  2700 5.6e-08 5.6e-09 3.000 0.0000 6274.36 0.1405 0.6976 1.3350 0.1985 0.4338 0.2353 0.8676 X
30000  91000  8200 1.8e-08 1.8e-09 3.033 1.1111 6431.32 2.3576 0.6962 1.5241 0.2005 0.4339 0.2334 0.8678 X
 3000   9100  3300 8.2e-08 1.0e-08 3.033 1.1111 6372.58 1.4228 0.7002 0.9571 0.4467 0.3527 0.0939 0.8934 X
30000  91000 33000 8.2e-09 1.0e-09 3.033 1.1111 6372.58 1.4228 0.7002 0.9571 0.4467 0.3527 0.0939 0.8934 X
16000  47000  3000 4.7e-08 3.9e-09 2.938 2.0833 6220.27 1.0013 0.7009 0.8627 0.1498 0.4490 0.2991 0.8980 X
27000  82000  5100 2.7e-08 2.2e-09 3.037 1.2346 6344.75 0.9799 0.6983 1.2260 0.1510 0.4503 0.2993 0.9006
33000 100000  6200 2.2e-08 1.8e-09 3.030 1.0101 6382.00 1.5726 0.6965 1.4893 0.1503 0.4504 0.3001 0.9008
51000 150000  9100 1.5e-08 1.2e-09 2.941 1.9608 6379.66 1.5354 0.7028 0.5957 0.1440 0.4510 0.3070 0.9021 X
11000  33000  2000 6.8e-08 5.6e-09 3.000 0.0000 6307.82 0.3921 0.6905 2.3372 0.1463 0.4512 0.3049 0.9024 X
13000  39000  2000 6.8e-08 4.7e-09 3.000 0.0000 6333.58 0.8021 0.7148 1.0964 0.1277 0.4574 0.3298 0.9149 X
16000  47000  2400 5.6e-08 3.9e-09 2.938 2.0833 6371.17 1.4003 0.7129 0.8400 0.1249 0.4575 0.3326 0.9150 X
51000 150000  7500 1.8e-08 1.2e-09 2.941 1.9608 6415.00 2.0979 0.7235 2.3283 0.1229 0.4582 0.3354 0.9165 X
 1100   3300  1300 2.2e-07 2.7e-08 3.000 0.0000 6264.38 0.2993 0.6956 1.6171 0.4588 0.3471 0.1118 0.9176 X
11000  33000 13000 2.2e-08 2.7e-09 3.000 0.0000 6264.38 0.2993 0.6956 1.6171 0.4588 0.3471 0.1118 0.9176 X
11000  33000  1600 8.2e-08 5.6e-09 3.000 0.0000 6422.17 2.2121 0.7057 0.1808 0.1218 0.4594 0.3376 0.9188 X
43000 130000  6200 2.2e-08 1.5e-09 3.023 0.7752 6131.62 2.4122 0.7017 0.7482 0.1210 0.4600 0.3390 0.9200 X
 4300  13000  5100 5.6e-08 6.8e-09 3.023 0.7752 6293.54 0.1647 0.6971 1.3968 0.4600 0.3478 0.1122 0.9200
 8200  24000  1100 1.2e-07 8.2e-09 2.927 2.4390 6204.41 1.2537 0.6941 1.8296 0.1137 0.4612 0.3475 0.9223 X
 7500  22000  9100 3.3e-08 3.9e-09 2.933 2.2222 6229.87 0.8486 0.7122 0.7302 0.4619 0.3425 0.1193 0.9238 X
 3600  11000  4300 6.8e-08 8.2e-09 3.056 1.8519 6157.55 1.9995 0.6964 1.4978 0.4620 0.3488 0.1132 0.9240
 9100  27000 11000 2.7e-08 3.3e-09 2.967 1.0989 6147.28 2.1630 0.6979 1.2927 0.4620 0.3443 0.1178 0.9241 X
 5100  15000  6200 4.7e-08 5.6e-09 2.941 1.9608 6391.69 1.7269 0.7085 0.2056 0.4624 0.3428 0.1196 0.9248
 1300   3900  1600 1.8e-07 2.2e-08 3.000 0.0000 6361.51 1.2466 0.6937 1.8793 0.4660 0.3447 0.1214 0.9320
13000  39000 16000 1.8e-08 2.2e-09 3.000 0.0000 6361.51 1.2466 0.6937 1.8793 0.4660 0.3447 0.1214 0.9320
 1600   4700  2000 1.5e-07 1.8e-08 2.938 2.0833 6277.03 0.0980 0.7038 0.4489 0.4672 0.3410 0.1262 0.9344 X
16000  47000 20000 1.5e-08 1.8e-09 2.938 2.0833 6277.03 0.0980 0.7038 0.4489 0.4672 0.3410 0.1262 0.9344 X
30000  91000  3300 3.9e-08 2.2e-09 3.033 1.1111 6229.87 0.8486 0.6995 1.0642 0.0960 0.4684 0.3724 0.9367 X
43000 130000  4700 2.7e-08 1.5e-09 3.023 0.7752 6357.00 1.1747 0.7043 0.3871 0.0954 0.4684 0.3730 0.9369 X
12000  36000  1300 1.0e-07 5.6e-09 3.000 0.0000 6177.08 1.6888 0.7017 0.7542 0.0947 0.4684 0.3738 0.9369 X
36000 110000  3900 3.3e-08 1.8e-09 3.056 1.8519 6264.38 0.2993 0.7049 0.3008 0.0947 0.4690 0.3743 0.9380
68000 200000  6800 1.8e-08 1.0e-09 2.941 1.9608 6391.37 1.7219 0.6899 2.4239 0.0882 0.4700 0.3818 0.9400 X
12000  36000  1100 1.2e-07 5.6e-09 3.000 0.0000 6130.10 2.4364 0.7210 1.9867 0.0817 0.4728 0.3911 0.9455 X
36000 110000  3300 3.9e-08 1.8e-09 3.056 1.8519 6264.38 0.2993 0.7188 1.6655 0.0817 0.4733 0.3915 0.9465
30000  91000  2700 4.7e-08 2.2e-09 3.033 1.1111 6273.89 0.1479 0.7111 0.5748 0.0804 0.4735 0.3931 0.9470 X
68000 200000  5600 2.2e-08 1.0e-09 2.941 1.9608 6370.59 1.3911 0.7069 0.0207 0.0742 0.4748 0.4006 0.9496 X
12000  36000  1000 1.2e-07 5.6e-09 3.000 0.0000 6429.31 2.3256 0.6944 1.7871 0.0750 0.4750 0.4000 0.9500 X
30000  91000  2200 5.6e-08 2.2e-09 3.033 1.1111 6367.41 1.3404 0.7148 1.0987 0.0668 0.4780 0.4112 0.9559 X
30000  91000  1800 6.8e-08 2.2e-09 3.033 1.1111 6388.18 1.6711 0.7241 2.4245 0.0556 0.4817 0.4261 0.9634 X
75000 220000  3600 3.3e-08 1.0e-09 2.933 2.2222 6185.58 1.5534 0.6904 2.3466 0.0451 0.4846 0.4395 0.9693 X
27000  82000  1200 1.0e-07 2.7e-09 3.037 1.2346 6135.08 2.3571 0.6951 1.6772 0.0420 0.4862 0.4442 0.9724 X
75000 220000  3000 3.9e-08 1.0e-09 2.933 2.2222 6232.98 0.7990 0.6921 2.1025 0.0380 0.4871 0.4491 0.9741 X
27000  82000  1000 1.2e-07 2.7e-09 3.037 1.2346 6135.08 2.3571 0.7017 0.7545 0.0353 0.4884 0.4531 0.9768 X
33000 100000  1200 1.0e-07 2.2e-09 3.030 1.0101 6154.57 2.0469 0.7045 0.3567 0.0347 0.4886 0.4539 0.9771 X
33000 100000  1000 1.2e-07 2.2e-09 3.030 1.0101 6154.57 2.0469 0.7099 0.4153 0.0291 0.4904 0.4613 0.9808 X
75000 220000  1200 1.0e-07 1.0e-09 2.933 2.2222 6154.57 2.0469 0.7230 2.2682 0.0157 0.4947 0.4790 0.9893 X
 6800  20000 10000 3.3e-08 3.9e-09 2.941 1.9608 6232.98 0.7990 0.6924 2.0628 0.4950 0.3317 0.1634 0.9901 X
75000 220000  1100 1.0e-07 1.0e-09 2.933 2.2222 6428.24 2.3087 0.6935 1.9139 0.0144 0.4951 0.4807 0.9902 X
 2700   8200  4700 8.2e-08 8.2e-09 3.037 1.2346 6211.98 1.1332 0.7224 2.1837 0.5253 0.3270 0.1982 1.0506 X
 1000   3000  1800 2.2e-07 2.2e-08 3.000 0.0000 6185.58 1.5534 0.7204 1.9007 0.5294 0.3235 0.2059 1.0588 X
10000  30000 18000 2.2e-08 2.2e-09 3.000 0.0000 6185.58 1.5534 0.7204 1.9007 0.5294 0.3235 0.2059 1.0588 X
 8200  24000 15000 2.7e-08 2.7e-09 2.927 2.4390 6172.84 1.7562 0.7237 2.3681 0.5296 0.3191 0.2105 1.0591 X
 1200   3600  2200 1.8e-07 1.8e-08 3.000 0.0000 6242.59 0.6461 0.7177 1.5130 0.5323 0.3226 0.2097 1.0645 X
12000  36000 22000 1.8e-08 1.8e-09 3.000 0.0000 6242.59 0.6461 0.7177 1.5130 0.5323 0.3226 0.2097 1.0645 X
 3000   9100  6200 6.8e-08 6.8e-09 3.033 1.1111 6191.20 1.4641 0.6964 1.4951 0.5514 0.3182 0.2332 1.1028 X
 7500  22000 16000 2.7e-08 2.7e-09 2.933 2.2222 6242.59 0.6461 0.6985 1.1962 0.5526 0.3116 0.2410 1.1052 X
 3600  11000  7500 5.6e-08 5.6e-09 3.056 1.8519 6217.06 1.0524 0.6935 1.9083 0.5533 0.3189 0.2344 1.1066
 5100  15000 11000 3.9e-08 3.9e-09 2.941 1.9608 6312.38 0.4647 0.6961 1.5400 0.5544 0.3115 0.2429 1.1089 X
 4300  13000  9100 4.7e-08 4.7e-09 3.023 0.7752 6186.00 1.5468 0.6933 1.9405 0.5545 0.3166 0.2380 1.1091 X
 9100  27000 20000 2.2e-08 2.2e-09 2.967 1.0989 6185.58 1.5534 0.6910 2.2587 0.5580 0.3119 0.2461 1.1160
 1100   3300  2400 1.8e-07 1.8e-08 3.000 0.0000 6242.59 0.6461 0.6899 2.4217 0.5581 0.3140 0.2442 1.1163
11000  33000 24000 1.8e-08 1.8e-09 3.000 0.0000 6242.59 0.6461 0.6899 2.4217 0.5581 0.3140 0.2442 1.1163
 3600  11000  9100 5.6e-08 4.7e-09 3.056 1.8519 6160.84 1.9472 0.7209 1.9663 0.5804 0.3100 0.2704 1.1608 X
 1600   4700  4300 1.2e-07 1.0e-08 2.938 2.0833 6421.35 2.1989 0.7199 1.8293 0.5839 0.3012 0.2827 1.1679 X
16000  47000 43000 1.2e-08 1.0e-09 2.938 2.0833 6421.35 2.1989 0.7199 1.8293 0.5839 0.3012 0.2827 1.1679 X
 1300   3900  3600 1.5e-07 1.2e-08 3.000 0.0000 6290.43 0.1153 0.7239 2.3925 0.5902 0.3033 0.2869 1.1803
13000  39000 36000 1.5e-08 1.2e-09 3.000 0.0000 6290.43 0.1153 0.7239 2.3925 0.5902 0.3033 0.2869 1.1803
 1600   4700  4700 1.2e-07 1.0e-08 2.938 2.0833 6142.02 2.2466 0.7016 0.7652 0.5949 0.2975 0.2975 1.1899 X
16000  47000 47000 1.2e-08 1.0e-09 2.938 2.0833 6142.02 2.2466 0.7016 0.7652 0.5949 0.2975 0.2975 1.1899 X
 1000   3000  3000 1.8e-07 1.5e-08 3.000 0.0000 6415.00 2.0979 0.6928 2.0056 0.6000 0.3000 0.3000 1.2000
10000  30000 30000 1.8e-08 1.5e-09 3.000 0.0000 6415.00 2.0979 0.6928 2.0056 0.6000 0.3000 0.3000 1.2000
 2700   8200  8200 6.8e-08 5.6e-09 3.037 1.2346 6249.39 0.5379 0.6918 2.1489 0.6029 0.3015 0.3015 1.2059
 1200   3600  3900 1.5e-07 1.2e-08 3.000 0.0000 6290.43 0.1153 0.6900 2.4072 0.6094 0.2969 0.3125 1.2188 X
12000  36000 39000 1.5e-08 1.2e-09 3.000 0.0000 6290.43 0.1153 0.6900 2.4072 0.6094 0.2969 0.3125 1.2188 X
 3300  10000 12000 5.6e-08 3.9e-09 3.030 1.0101 6177.08 1.6888 0.7112 0.5983 0.6231 0.2944 0.3287 1.2461 X
 2700   8200 10000 6.8e-08 4.7e-09 3.037 1.2346 6177.17 1.6873 0.7092 0.3048 0.6253 0.2941 0.3312 1.2506 X
 6800  20000 27000 2.7e-08 1.8e-09 2.941 1.9608 6172.84 1.7562 0.7120 0.7014 0.6282 0.2864 0.3418 1.2564 X
 8200  24000 33000 2.2e-08 1.5e-09 2.927 2.4390 6185.58 1.5534 0.7017 0.7435 0.6289 0.2851 0.3437 1.2577 X
 1000   3000  3900 1.8e-07 1.2e-08 3.000 0.0000 6290.43 0.1153 0.7122 0.7410 0.6290 0.2903 0.3387 1.2581 X
10000  30000 39000 1.8e-08 1.2e-09 3.000 0.0000 6290.43 0.1153 0.7122 0.7410 0.6290 0.2903 0.3387 1.2581 X
 1200   3600  4700 1.5e-07 1.0e-08 3.000 0.0000 6277.03 0.0980 0.7112 0.5955 0.6295 0.2902 0.3393 1.2589 X
12000  36000 47000 1.5e-08 1.0e-09 3.000 0.0000 6277.03 0.0980 0.7112 0.5955 0.6295 0.2902 0.3393 1.2589 X
 3000   9100 15000 5.6e-08 3.3e-09 3.033 1.1111 6296.26 0.2081 0.6915 2.1919 0.6537 0.2845 0.3693 1.3075 X
 3600  11000 18000 4.7e-08 2.7e-09 3.056 1.8519 6308.65 0.4053 0.6989 1.1445 0.6548 0.2857 0.3690 1.3095
 4300  13000 22000 3.9e-08 2.2e-09 3.023 0.7752 6383.71 1.5999 0.7014 0.7870 0.6552 0.2833 0.3719 1.3104 X
 3000   9100 18000 5.6e-08 2.7e-09 3.033 1.1111 6354.29 1.1317 0.7134 0.9085 0.6683 0.2797 0.3886 1.3366 X
 5100  15000 33000 3.3e-08 1.5e-09 2.941 1.9608 6388.44 1.6752 0.7194 1.7537 0.6691 0.2725 0.3966 1.3382 X
 3600  11000 22000 4.7e-08 2.2e-09 3.056 1.8519 6321.67 0.6126 0.7174 1.4756 0.6707 0.2805 0.3902 1.3415
 4300  13000 27000 3.9e-08 1.8e-09 3.023 0.7752 6370.56 1.3907 0.7170 1.4138 0.6711 0.2780 0.3931 1.3423 X
 7500  22000 51000 2.2e-08 1.0e-09 2.933 2.2222 6364.91 1.3007 0.7058 0.1695 0.6721 0.2709 0.4012 1.3441 X
 1600   4700 11000 1.0e-07 4.7e-09 2.938 2.0833 6415.13 2.1000 0.6908 2.2937 0.6730 0.2709 0.4021 1.3460
 1100   3300  7500 1.5e-07 6.8e-09 3.000 0.0000 6293.79 0.1688 0.7017 0.7535 0.6757 0.2748 0.4009 1.3514
 4300  13000 33000 3.9e-08 1.5e-09 3.023 0.7752 6312.38 0.4647 0.7245 2.4791 0.6844 0.2736 0.4108 1.3689
 5100  15000 43000 3.3e-08 1.2e-09 2.941 1.9608 6257.09 0.4153 0.7220 2.1174 0.6856 0.2669 0.4187 1.3712 X
 1100   3300  9100 1.5e-07 5.6e-09 3.000 0.0000 6296.26 0.2081 0.7144 1.0461 0.6877 0.2708 0.4169 1.3753 X
 1300   3900 11000 1.2e-07 4.7e-09 3.000 0.0000 6428.83 2.3180 0.6909 2.2728 0.6889 0.2704 0.4186 1.3779 X
 1600   4700 16000 1.0e-07 3.3e-09 2.938 2.0833 6347.96 1.0309 0.7051 0.2659 0.6942 0.2637 0.4306 1.3885 X
 1100   3300 11000 1.5e-07 4.7e-09 3.000 0.0000 6251.04 0.5116 0.7196 1.7816 0.6977 0.2674 0.4302 1.3953
 4300  13000 43000 3.9e-08 1.2e-09 3.023 0.7752 6182.60 1.6009 0.7247 2.4980 0.6989 0.2688 0.4301 1.3978
 1600   4700 20000 1.0e-07 2.7e-09 2.938 2.0833 6277.03 0.0980 0.7071 0.0084 0.7040 0.2603 0.4437 1.4080 X
 1300   3900 16000 1.2e-07 3.3e-09 3.000 0.0000 6361.51 1.2466 0.7015 0.7714 0.7069 0.2644 0.4426 1.4138
 1600   4700 24000 1.0e-07 2.2e-09 2.938 2.0833 6347.96 1.0309 0.7218 2.0968 0.7107 0.2581 0.4526 1.4214 X
 3300  10000 43000 4.7e-08 1.2e-09 3.030 1.0101 6421.35 2.1989 0.7080 0.1391 0.7109 0.2654 0.4454 1.4217
 1300   3900 20000 1.2e-07 2.7e-09 3.000 0.0000 6290.43 0.1153 0.7018 0.7399 0.7151 0.2616 0.4535 1.4303
 1600   4700 30000 1.0e-07 1.8e-09 2.938 2.0833 6277.03 0.0980 0.7206 1.9218 0.7175 0.2558 0.4617 1.4350 X
 1300   3900 24000 1.2e-07 2.2e-09 3.000 0.0000 6361.51 1.2466 0.7152 1.1655 0.7207 0.2598 0.4610 1.4414
 1300   3900 30000 1.2e-07 1.8e-09 3.000 0.0000 6290.43 0.1153 0.7128 0.8223 0.7264 0.2579 0.4685 1.4528
 1600   4700 47000 1.0e-07 1.2e-09 2.938 2.0833 6142.02 2.2466 0.7150 1.1294 0.7276 0.2523 0.4752 1.4551 X
 1300   3900 36000 1.2e-07 1.5e-09 3.000 0.0000 6290.43 0.1153 0.7166 1.3540 0.7302 0.2566 0.4736 1.4604
 1600   4700 56000 1.0e-07 1.0e-09 2.938 2.0833 6163.92 1.8982 0.7204 1.8955 0.7305 0.2513 0.4791 1.4609 X
 1000   3000 36000 1.5e-07 1.5e-09 3.000 0.0000 6415.00 2.0979 0.7070 0.0057 0.7347 0.2551 0.4796 1.4694
 1300   3900 47000 1.2e-07 1.2e-09 3.000 0.0000 6155.13 2.0380 0.7055 0.2100 0.7348 0.2551 0.4797 1.4695
 1300   3900 56000 1.2e-07 1.0e-09 3.000 0.0000 6177.08 1.6888 0.7104 0.4739 0.7372 0.2543 0.4829 1.4743
 1000   3000 47000 1.5e-07 1.2e-09 3.000 0.0000 6277.03 0.0980 0.6951 1.6868 0.7382 0.2539 0.4843 1.4764
 1000   3000 56000 1.5e-07 1.0e-09 3.000 0.0000 6299.41 0.2582 0.6993 1.0866 0.7401 0.2533 0.4868 1.4802
 1000   3000 20000 1.5e-07 2.7e-09 3.000 0.0000 6415.00 2.0979 0.7217 2.0775 0.7500 0.2500 0.5000 1.5000 X
 1000   3000 30000 1.5e-07 1.8e-09 3.000 0.0000 6415.00 2.0979 0.7217 2.0775 0.7500 0.2500 0.5000 1.5000 X

--- 0.613976955414 seconds ---